#CAMERA INTRINSIC MATRIX
intrinsic: 103.31406, -4.7232552e+34, -1.2913505e+23; 0, 9.6440112e+28, 4.3694289e+32; 0, 0, 1


#CAMERA DISTORTION MATRIX
distortion: 0.01435791040146722; 0.01759911527903205; -0.01776770295348867; 0.003198020612034975

#MODEL
distortionModel: fisheye

#CAMERA FOVs IN RADIANS 

