#CAMERA INTRINSIC MATRIX
intrinsic: 323.1511386331362, 0, 642.658221025972; 0, 322.7895660010516, 501.5538413003005; 0, 0, 1


#CAMERA DISTORTION MATRIX
distortion: 0.00295092, -0.00994404, 0.00558735, -0.00205406

#MODEL
distortionModel: fisheye

#scaled
scaled_intrinsic: 162.6593391829913, 0, 319.9497942408311; 0, 162.6198247736016, 250.6463850460604; 0, 0, 1

scaled_distortion: -0.00660693, -0.00988373, 0.00917759, -0.00402242

