#CAMERA INTRINSIC MATRIX
intrinsic: 323.1511386331362, 0, 642.658221025972; 0, 322.7895660010516, 501.5538413003005; 0, 0, 1


#CAMERA DISTORTION MATRIX
distortion: 0.00295092, -0.00994404, 0.00558735, -0.00205406

#MODEL
distortionModel: fisheye

#CAMERA FOVs IN RADIANS 

